  Run    MC Year Diffusion   Breed   Spread SlopeResist RoadGrav
    0     0 2017     2.02     5.05    20.20    49.51     6.49
    0     0 2018     2.04     5.10    20.40    47.97     8.03
    0     0 2019     2.06     5.15    20.61    46.36     9.64
    0     0 2020     2.08     5.20    20.81    44.70    11.30
    0     0 2021     2.10     5.26    21.02    42.99    13.01
    0     0 2022     2.12     5.31    21.23    41.21    14.79
    0     0 2023     2.14     5.36    21.44    39.37    16.63
    0     0 2024     2.17     5.41    21.66    37.47    18.53
    0     0 2025     2.19     5.47    21.87    35.51    20.49
    0     0 2026     2.21     5.52    22.09    33.49    22.51
    0     0 2027     2.23     5.58    22.31    31.42    24.58
    0     0 2028     2.25     5.63    22.54    29.28    26.72
    0     0 2029     2.28     5.69    22.76    27.09    28.91
    0     0 2030     2.30     5.75    22.99    24.84    31.16
    0     1 2017     2.02     5.05    20.20    49.51     6.49
    0     1 2018     2.04     5.10    20.40    47.97     8.03
    0     1 2019     2.06     5.15    20.61    46.37     9.63
    0     1 2020     2.08     5.20    20.81    44.72    11.28
    0     1 2021     2.10     5.26    21.02    43.01    12.99
    0     1 2022     2.12     5.31    21.23    41.23    14.77
    0     1 2023     2.14     5.36    21.44    39.40    16.60
    0     1 2024     2.17     5.41    21.66    37.51    18.49
    0     1 2025     2.19     5.47    21.87    35.57    20.43
    0     1 2026     2.21     5.52    22.09    33.57    22.43
    0     1 2027     2.23     5.58    22.31    31.51    24.49
    0     1 2028     2.25     5.63    22.54    29.39    26.61
    0     1 2029     2.28     5.69    22.76    27.22    28.78
    0     1 2030     2.30     5.75    22.99    24.99    31.01
    0     2 2017     2.02     5.05    20.20    49.51     6.49
    0     2 2018     2.04     5.10    20.40    47.96     8.04
    0     2 2019     2.06     5.15    20.61    46.36     9.64
    0     2 2020     2.08     5.20    20.81    44.70    11.30
    0     2 2021     2.10     5.26    21.02    42.98    13.02
    0     2 2022     2.12     5.31    21.23    41.21    14.79
    0     2 2023     2.14     5.36    21.44    39.38    16.62
    0     2 2024     2.17     5.41    21.66    37.49    18.51
    0     2 2025     2.19     5.47    21.87    35.54    20.46
    0     2 2026     2.21     5.52    22.09    33.53    22.47
    0     2 2027     2.23     5.58    22.31    31.47    24.53
    0     2 2028     2.25     5.63    22.54    29.34    26.66
    0     2 2029     2.28     5.69    22.76    27.16    28.84
    0     2 2030     2.30     5.75    22.99    24.92    31.08
    0     3 2017     2.02     5.05    20.20    49.51     6.49
    0     3 2018     2.04     5.10    20.40    47.96     8.04
    0     3 2019     2.06     5.15    20.61    46.35     9.65
    0     3 2020     2.08     5.20    20.81    44.69    11.31
    0     3 2021     2.10     5.26    21.02    42.98    13.02
    0     3 2022     2.12     5.31    21.23    41.20    14.80
    0     3 2023     2.14     5.36    21.44    39.37    16.63
    0     3 2024     2.17     5.41    21.66    37.47    18.53
    0     3 2025     2.19     5.47    21.87    35.52    20.48
    0     3 2026     2.21     5.52    22.09    33.51    22.49
    0     3 2027     2.23     5.58    22.31    31.45    24.55
    0     3 2028     2.25     5.63    22.54    29.32    26.68
    0     3 2029     2.28     5.69    22.76    27.14    28.86
    0     3 2030     2.30     5.75    22.99    24.89    31.11
    0     4 2017     2.02     5.05    20.20    49.51     6.49
    0     4 2018     2.04     5.10    20.40    47.96     8.04
    0     4 2019     2.06     5.15    20.61    46.35     9.65
    0     4 2020     2.08     5.20    20.81    44.69    11.31
    0     4 2021     2.10     5.26    21.02    42.97    13.03
    0     4 2022     2.12     5.31    21.23    41.18    14.82
    0     4 2023     2.14     5.36    21.44    39.34    16.66
    0     4 2024     2.17     5.41    21.66    37.44    18.56
    0     4 2025     2.19     5.47    21.87    35.48    20.52
    0     4 2026     2.21     5.52    22.09    33.47    22.53
    0     4 2027     2.23     5.58    22.31    31.40    24.60
    0     4 2028     2.25     5.63    22.54    29.27    26.73
    0     4 2029     2.28     5.69    22.76    27.09    28.91
    0     4 2030     2.30     5.75    22.99    24.85    31.15
    0     5 2017     2.02     5.05    20.20    49.51     6.49
    0     5 2018     2.04     5.10    20.40    47.96     8.04
    0     5 2019     2.06     5.15    20.61    46.35     9.65
    0     5 2020     2.08     5.20    20.81    44.68    11.32
    0     5 2021     2.10     5.26    21.02    42.97    13.03
    0     5 2022     2.12     5.31    21.23    41.19    14.81
    0     5 2023     2.14     5.36    21.44    39.36    16.64
    0     5 2024     2.17     5.41    21.66    37.47    18.53
    0     5 2025     2.19     5.47    21.87    35.51    20.49
    0     5 2026     2.21     5.52    22.09    33.50    22.50
    0     5 2027     2.23     5.58    22.31    31.43    24.57
    0     5 2028     2.25     5.63    22.54    29.31    26.69
    0     5 2029     2.28     5.69    22.76    27.13    28.87
    0     5 2030     2.30     5.75    22.99    24.90    31.10
    0     6 2017     2.02     5.05    20.20    49.51     6.49
    0     6 2018     2.04     5.10    20.40    47.97     8.03
    0     6 2019     2.06     5.15    20.61    46.37     9.63
    0     6 2020     2.08     5.20    20.81    44.71    11.29
    0     6 2021     2.10     5.26    21.02    42.99    13.01
    0     6 2022     2.12     5.31    21.23    41.21    14.79
    0     6 2023     2.14     5.36    21.44    39.38    16.62
    0     6 2024     2.17     5.41    21.66    37.49    18.51
    0     6 2025     2.19     5.47    21.87    35.54    20.46
    0     6 2026     2.21     5.52    22.09    33.52    22.48
    0     6 2027     2.23     5.58    22.31    31.45    24.55
    0     6 2028     2.25     5.63    22.54    29.32    26.68
    0     6 2029     2.28     5.69    22.76    27.13    28.87
    0     6 2030     2.30     5.75    22.99    24.88    31.12
    0     7 2017     2.02     5.05    20.20    49.51     6.49
    0     7 2018     2.04     5.10    20.40    47.96     8.04
    0     7 2019     2.06     5.15    20.61    46.36     9.64
    0     7 2020     2.08     5.20    20.81    44.70    11.30
    0     7 2021     2.10     5.26    21.02    42.99    13.01
    0     7 2022     2.12     5.31    21.23    41.22    14.78
    0     7 2023     2.14     5.36    21.44    39.39    16.61
    0     7 2024     2.17     5.41    21.66    37.51    18.49
    0     7 2025     2.19     5.47    21.87    35.57    20.43
    0     7 2026     2.21     5.52    22.09    33.57    22.43
    0     7 2027     2.23     5.58    22.31    31.51    24.49
    0     7 2028     2.25     5.63    22.54    29.39    26.61
    0     7 2029     2.28     5.69    22.76    27.22    28.78
    0     7 2030     2.30     5.75    22.99    24.99    31.01
    0     8 2017     2.02     5.05    20.20    49.51     6.49
    0     8 2018     2.04     5.10    20.40    47.96     8.04
    0     8 2019     2.06     5.15    20.61    46.36     9.64
    0     8 2020     2.08     5.20    20.81    44.70    11.30
    0     8 2021     2.10     5.26    21.02    42.98    13.02
    0     8 2022     2.12     5.31    21.23    41.20    14.80
    0     8 2023     2.14     5.36    21.44    39.35    16.65
    0     8 2024     2.17     5.41    21.66    37.45    18.55
    0     8 2025     2.19     5.47    21.87    35.48    20.52
    0     8 2026     2.21     5.52    22.09    33.45    22.55
    0     8 2027     2.23     5.58    22.31    31.36    24.64
    0     8 2028     2.25     5.63    22.54    29.22    26.78
    0     8 2029     2.28     5.69    22.76    27.02    28.98
    0     8 2030     2.30     5.75    22.99    24.76    31.24
    0     9 2017     2.02     5.05    20.20    49.51     6.49
    0     9 2018     2.04     5.10    20.40    47.96     8.04
    0     9 2019     2.06     5.15    20.61    46.35     9.65
    0     9 2020     2.08     5.20    20.81    44.70    11.30
    0     9 2021     2.10     5.26    21.02    42.98    13.02
    0     9 2022     2.12     5.31    21.23    41.20    14.80
    0     9 2023     2.14     5.36    21.44    39.36    16.64
    0     9 2024     2.17     5.41    21.66    37.47    18.53
    0     9 2025     2.19     5.47    21.87    35.52    20.48
    0     9 2026     2.21     5.52    22.09    33.51    22.49
    0     9 2027     2.23     5.58    22.31    31.44    24.56
    0     9 2028     2.25     5.63    22.54    29.30    26.70
    0     9 2029     2.28     5.69    22.76    27.11    28.89
    0     9 2030     2.30     5.75    22.99    24.86    31.14
